(kicad_pcb (version 20171130) (host pcbnew 5.0.0-rc2-dev-unknown-94dbcc7~63~ubuntu17.10.1)

  (general
    (thickness 1.6)
    (drawings 4)
    (tracks 1049)
    (zones 0)
    (modules 198)
    (nets 191)
  )

  (page A4)
  (layers
    (0 F.Cu signal)
    (1 In1.Cu signal)
    (2 In2.Cu signal)
    (31 B.Cu signal)
    (32 B.Adhes user)
    (33 F.Adhes user)
    (34 B.Paste user)
    (35 F.Paste user)
    (36 B.SilkS user)
    (37 F.SilkS user)
    (38 B.Mask user)
    (39 F.Mask user)
    (40 Dwgs.User user)
    (41 Cmts.User user)
    (42 Eco1.User user)
    (43 Eco2.User user)
    (44 Edge.Cuts user)
    (45 Margin user)
    (46 B.CrtYd user)
    (47 F.CrtYd user)
    (48 B.Fab user)
    (49 F.Fab user)
  )

  (setup
    (last_trace_width 1.016)
    (user_trace_width 0.127)
    (user_trace_width 0.254)
    (user_trace_width 0.508)
    (user_trace_width 1.016)
    (user_trace_width 1.524)
    (user_trace_width 2.032)
    (user_trace_width 2.54)
    (user_trace_width 3.81)
    (trace_clearance 0.127)
    (zone_clearance 0.127)
    (zone_45_only no)
    (trace_min 0.127)
    (segment_width 0.2)
    (edge_width 0.15)
    (via_size 0.4572)
    (via_drill 0.254)
    (via_min_size 0.4572)
    (via_min_drill 0.254)
    (uvia_size 0.508)
    (uvia_drill 0.254)
    (uvias_allowed no)
    (uvia_min_size 0.2)
    (uvia_min_drill 0.1)
    (pcb_text_width 0.3)
    (pcb_text_size 1.5 1.5)
    (mod_edge_width 0.15)
    (mod_text_size 1 1)
    (mod_text_width 0.15)
    (pad_size 1.524 1.524)
    (pad_drill 0.762)
    (pad_to_mask_clearance 0.0508)
    (aux_axis_origin 0 0)
    (visible_elements FFFFFF7F)
    (pcbplotparams
      (layerselection 0x010fc_ffffffff)
      (usegerberextensions false)
      (usegerberattributes false)
      (usegerberadvancedattributes false)
      (creategerberjobfile false)
      (excludeedgelayer true)
      (linewidth 0.100000)
      (plotframeref false)
      (viasonmask false)
      (mode 1)
      (useauxorigin false)
      (hpglpennumber 1)
      (hpglpenspeed 20)
      (hpglpendiameter 15)
      (psnegative false)
      (psa4output false)
      (plotreference true)
      (plotvalue true)
      (plotinvisibletext false)
      (padsonsilk false)
      (subtractmaskfromsilk false)
      (outputformat 1)
      (mirror false)
      (drillshape 1)
      (scaleselection 1)
      (outputdirectory ""))
  )

  (net 0 "")
  (net 1 GND)
  (net 2 /3.3V)
  (net 3 /5V)
  (net 4 /V_MOTORS)
  (net 5 "Net-(C6-Pad2)")
  (net 6 "Net-(C7-Pad2)")
  (net 7 "Net-(C9-Pad1)")
  (net 8 /MotorControl/E0/Driver/MOT1B)
  (net 9 /MotorControl/E0/Driver/MOT1A)
  (net 10 /MotorControl/E0/Driver/MOT2A)
  (net 11 /MotorControl/E0/Driver/MOT2B)
  (net 12 "Net-(C14-Pad1)")
  (net 13 "/MotorControl/E0/Fimalent Detect/SENSOR")
  (net 14 /E0_TEMP)
  (net 15 "Net-(C20-Pad2)")
  (net 16 "Net-(C21-Pad2)")
  (net 17 "Net-(C23-Pad1)")
  (net 18 "/MotorControl/X Axis/MOT1B")
  (net 19 "/MotorControl/X Axis/MOT1A")
  (net 20 "/MotorControl/X Axis/MOT2A")
  (net 21 "/MotorControl/X Axis/MOT2B")
  (net 22 "Net-(C28-Pad1)")
  (net 23 "/MotorControl/X Axis/MaxStop/SENSOR")
  (net 24 "/MotorControl/X Axis/MinStop/SENSOR")
  (net 25 "Net-(C33-Pad2)")
  (net 26 "Net-(C34-Pad2)")
  (net 27 "Net-(C36-Pad1)")
  (net 28 "/MotorControl/Y Axis/MOT1B")
  (net 29 "/MotorControl/Y Axis/MOT1A")
  (net 30 "/MotorControl/Y Axis/MOT2A")
  (net 31 "/MotorControl/Y Axis/MOT2B")
  (net 32 "Net-(C41-Pad1)")
  (net 33 "/MotorControl/Y Axis/MaxStop/SENSOR")
  (net 34 "/MotorControl/Y Axis/MinStop/SENSOR")
  (net 35 "Net-(C46-Pad2)")
  (net 36 "Net-(C47-Pad2)")
  (net 37 "Net-(C49-Pad1)")
  (net 38 "/MotorControl/Z Axis/MOT1B")
  (net 39 "/MotorControl/Z Axis/MOT1A")
  (net 40 "/MotorControl/Z Axis/MOT2A")
  (net 41 "/MotorControl/Z Axis/MOT2B")
  (net 42 "Net-(C54-Pad1)")
  (net 43 "/MotorControl/Z Axis/MaxStop/SENSOR")
  (net 44 "/MotorControl/Z Axis/MinStop/SENSOR")
  (net 45 "Net-(C59-Pad2)")
  (net 46 "Net-(C60-Pad2)")
  (net 47 "Net-(C62-Pad1)")
  (net 48 /MotorControl/E1/Driver/MOT1B)
  (net 49 /MotorControl/E1/Driver/MOT1A)
  (net 50 /MotorControl/E1/Driver/MOT2A)
  (net 51 /MotorControl/E1/Driver/MOT2B)
  (net 52 "Net-(C67-Pad1)")
  (net 53 "/MotorControl/E1/Fimalent Detect/SENSOR")
  (net 54 /E1_TEMP)
  (net 55 /BED_TEMP)
  (net 56 /E0_END)
  (net 57 "Net-(D1-Pad2)")
  (net 58 "Net-(D2-Pad2)")
  (net 59 /MotorControl/E0/Heating/HEATER)
  (net 60 /X_END)
  (net 61 "Net-(D3-Pad2)")
  (net 62 "Net-(D4-Pad2)")
  (net 63 /X_START)
  (net 64 /Y_END)
  (net 65 "Net-(D5-Pad2)")
  (net 66 "Net-(D6-Pad2)")
  (net 67 /Y_START)
  (net 68 /Z_END)
  (net 69 "Net-(D7-Pad2)")
  (net 70 /Z_START)
  (net 71 "Net-(D8-Pad2)")
  (net 72 "Net-(D9-Pad2)")
  (net 73 /E1_END)
  (net 74 "Net-(D10-Pad2)")
  (net 75 /MotorControl/E1/Heating/HEATER)
  (net 76 "/Heated Bed/HEATER")
  (net 77 "Net-(D11-Pad2)")
  (net 78 "/E0 Cooling Fan/V_FAN")
  (net 79 "/E0 Cooling Fan/OUT")
  (net 80 "/E0 Part Fan/OUT")
  (net 81 "/E1 Cooling Fan/OUT")
  (net 82 "/E1 Part Fan/OUT")
  (net 83 /VBUS)
  (net 84 "Net-(F1-Pad1)")
  (net 85 "Net-(J3-Pad1)")
  (net 86 /Z_PROBE_MOD_BUF)
  (net 87 "Net-(J13-Pad1)")
  (net 88 "/MotorControl/Z Motors/Motor2/MOT1A")
  (net 89 "/MotorControl/Z Motors/Motor2/MOT2A")
  (net 90 "Net-(J27-Pad1)")
  (net 91 "Net-(J28-Pad1)")
  (net 92 /Z_PROBE_IN)
  (net 93 "Net-(R2-Pad2)")
  (net 94 "Net-(R4-Pad2)")
  (net 95 /AVREF)
  (net 96 "Net-(R10-Pad1)")
  (net 97 /E0_PWM)
  (net 98 "Net-(R12-Pad2)")
  (net 99 "Net-(R14-Pad2)")
  (net 100 "Net-(R20-Pad2)")
  (net 101 "Net-(R22-Pad2)")
  (net 102 "Net-(R28-Pad2)")
  (net 103 "Net-(R30-Pad2)")
  (net 104 "Net-(R36-Pad2)")
  (net 105 "Net-(R38-Pad2)")
  (net 106 /E1_PWM)
  (net 107 "Net-(R44-Pad1)")
  (net 108 "/Heated Bed/PWM")
  (net 109 "Net-(R48-Pad1)")
  (net 110 /E0_COOL_PWM)
  (net 111 "Net-(R51-Pad1)")
  (net 112 /E0_PART_PWM)
  (net 113 "Net-(R53-Pad1)")
  (net 114 /E1_COOL_PWM)
  (net 115 "Net-(R55-Pad1)")
  (net 116 /E1_PART_PWM)
  (net 117 "Net-(R57-Pad1)")
  (net 118 "Net-(U1-Pad13)")
  (net 119 /MotorControl/X_SG)
  (net 120 /MotorControl/Y_SG)
  (net 121 /MotorControl/Z_SG)
  (net 122 /MotorControl/E0_SG)
  (net 123 /MotorControl/E1_SG)
  (net 124 /STALL)
  (net 125 /Z_PROBE_MOD)
  (net 126 /BED_PWM_IN)
  (net 127 /E0_PWM_IN)
  (net 128 /E1_PWM_IN)
  (net 129 /~EN_MOTORS)
  (net 130 /MotorControl/E0/~ENABLE)
  (net 131 /MOSI)
  (net 132 /MotorControl/E0/MOSI)
  (net 133 /MotorControl/E0/SCK)
  (net 134 /SCK)
  (net 135 /MISO)
  (net 136 /MotorControl/E0/MISO)
  (net 137 /E0_STEP)
  (net 138 /E0_DIR)
  (net 139 "Net-(U4-Pad37)")
  (net 140 "Net-(U4-Pad34)")
  (net 141 "Net-(U4-Pad20)")
  (net 142 /~E0_CS)
  (net 143 /~X_CS)
  (net 144 "Net-(U5-Pad20)")
  (net 145 "Net-(U5-Pad34)")
  (net 146 "Net-(U5-Pad37)")
  (net 147 /X_DIR)
  (net 148 /X_STEP)
  (net 149 /~Y_CS)
  (net 150 "Net-(U6-Pad20)")
  (net 151 "Net-(U6-Pad34)")
  (net 152 "Net-(U6-Pad37)")
  (net 153 /Y_DIR)
  (net 154 /Y_STEP)
  (net 155 /Z_STEP)
  (net 156 /Z_DIR)
  (net 157 "Net-(U7-Pad37)")
  (net 158 "Net-(U7-Pad34)")
  (net 159 "Net-(U7-Pad20)")
  (net 160 /~Z_CS)
  (net 161 /E1_STEP)
  (net 162 /E1_DIR)
  (net 163 "Net-(U8-Pad37)")
  (net 164 "Net-(U8-Pad34)")
  (net 165 "Net-(U8-Pad20)")
  (net 166 /~E1_CS)
  (net 167 "Net-(U11-Pad10)")
  (net 168 "Net-(U11-Pad12)")
  (net 169 "Net-(U11-Pad14)")
  (net 170 "Net-(U11-Pad18)")
  (net 171 "Net-(U11-Pad24)")
  (net 172 "Net-(U11-Pad26)")
  (net 173 "Net-(U11-Pad5)")
  (net 174 "Net-(U11-Pad7)")
  (net 175 "Net-(U11-Pad9)")
  (net 176 "Net-(U11-Pad11)")
  (net 177 "Net-(U11-Pad13)")
  (net 178 "Net-(U11-Pad15)")
  (net 179 "Net-(U11-Pad29)")
  (net 180 "Net-(U11-Pad31)")
  (net 181 "Net-(U11-Pad33)")
  (net 182 "Net-(U11-Pad69)")
  (net 183 "Net-(U11-Pad73)")
  (net 184 "Net-(U11-Pad48)")
  (net 185 "Net-(U11-Pad56)")
  (net 186 "Net-(U11-Pad74)")
  (net 187 "Net-(U11-Pad75)")
  (net 188 "Net-(U11-Pad76)")
  (net 189 "Net-(U11-Pad25)")
  (net 190 "Net-(U11-Pad27)")

  (net_class Default "This is the default net class."
    (clearance 0.127)
    (trace_width 0.127)
    (via_dia 0.4572)
    (via_drill 0.254)
    (uvia_dia 0.508)
    (uvia_drill 0.254)
    (add_net /3.3V)
    (add_net /5V)
    (add_net /AVREF)
    (add_net /BED_PWM_IN)
    (add_net /BED_TEMP)
    (add_net "/E0 Cooling Fan/OUT")
    (add_net "/E0 Cooling Fan/V_FAN")
    (add_net "/E0 Part Fan/OUT")
    (add_net /E0_COOL_PWM)
    (add_net /E0_DIR)
    (add_net /E0_END)
    (add_net /E0_PART_PWM)
    (add_net /E0_PWM)
    (add_net /E0_PWM_IN)
    (add_net /E0_STEP)
    (add_net /E0_TEMP)
    (add_net "/E1 Cooling Fan/OUT")
    (add_net "/E1 Part Fan/OUT")
    (add_net /E1_COOL_PWM)
    (add_net /E1_DIR)
    (add_net /E1_END)
    (add_net /E1_PART_PWM)
    (add_net /E1_PWM)
    (add_net /E1_PWM_IN)
    (add_net /E1_STEP)
    (add_net /E1_TEMP)
    (add_net "/Heated Bed/HEATER")
    (add_net "/Heated Bed/PWM")
    (add_net /MISO)
    (add_net /MOSI)
    (add_net /MotorControl/E0/Driver/MOT1A)
    (add_net /MotorControl/E0/Driver/MOT1B)
    (add_net /MotorControl/E0/Driver/MOT2A)
    (add_net /MotorControl/E0/Driver/MOT2B)
    (add_net "/MotorControl/E0/Fimalent Detect/SENSOR")
    (add_net /MotorControl/E0/Heating/HEATER)
    (add_net /MotorControl/E0/MISO)
    (add_net /MotorControl/E0/MOSI)
    (add_net /MotorControl/E0/SCK)
    (add_net /MotorControl/E0/~ENABLE)
    (add_net /MotorControl/E0_SG)
    (add_net /MotorControl/E1/Driver/MOT1A)
    (add_net /MotorControl/E1/Driver/MOT1B)
    (add_net /MotorControl/E1/Driver/MOT2A)
    (add_net /MotorControl/E1/Driver/MOT2B)
    (add_net "/MotorControl/E1/Fimalent Detect/SENSOR")
    (add_net /MotorControl/E1/Heating/HEATER)
    (add_net /MotorControl/E1_SG)
    (add_net "/MotorControl/X Axis/MOT1A")
    (add_net "/MotorControl/X Axis/MOT1B")
    (add_net "/MotorControl/X Axis/MOT2A")
    (add_net "/MotorControl/X Axis/MOT2B")
    (add_net "/MotorControl/X Axis/MaxStop/SENSOR")
    (add_net "/MotorControl/X Axis/MinStop/SENSOR")
    (add_net /MotorControl/X_SG)
    (add_net "/MotorControl/Y Axis/MOT1A")
    (add_net "/MotorControl/Y Axis/MOT1B")
    (add_net "/MotorControl/Y Axis/MOT2A")
    (add_net "/MotorControl/Y Axis/MOT2B")
    (add_net "/MotorControl/Y Axis/MaxStop/SENSOR")
    (add_net "/MotorControl/Y Axis/MinStop/SENSOR")
    (add_net /MotorControl/Y_SG)
    (add_net "/MotorControl/Z Axis/MOT1A")
    (add_net "/MotorControl/Z Axis/MOT1B")
    (add_net "/MotorControl/Z Axis/MOT2A")
    (add_net "/MotorControl/Z Axis/MOT2B")
    (add_net "/MotorControl/Z Axis/MaxStop/SENSOR")
    (add_net "/MotorControl/Z Axis/MinStop/SENSOR")
    (add_net "/MotorControl/Z Motors/Motor2/MOT1A")
    (add_net "/MotorControl/Z Motors/Motor2/MOT2A")
    (add_net /MotorControl/Z_SG)
    (add_net /SCK)
    (add_net /STALL)
    (add_net /VBUS)
    (add_net /V_MOTORS)
    (add_net /X_DIR)
    (add_net /X_END)
    (add_net /X_START)
    (add_net /X_STEP)
    (add_net /Y_DIR)
    (add_net /Y_END)
    (add_net /Y_START)
    (add_net /Y_STEP)
    (add_net /Z_DIR)
    (add_net /Z_END)
    (add_net /Z_PROBE_IN)
    (add_net /Z_PROBE_MOD)
    (add_net /Z_PROBE_MOD_BUF)
    (add_net /Z_START)
    (add_net /Z_STEP)
    (add_net /~E0_CS)
    (add_net /~E1_CS)
    (add_net /~EN_MOTORS)
    (add_net /~X_CS)
    (add_net /~Y_CS)
    (add_net /~Z_CS)
    (add_net GND)
    (add_net "Net-(C14-Pad1)")
    (add_net "Net-(C20-Pad2)")
    (add_net "Net-(C21-Pad2)")
    (add_net "Net-(C23-Pad1)")
    (add_net "Net-(C28-Pad1)")
    (add_net "Net-(C33-Pad2)")
    (add_net "Net-(C34-Pad2)")
    (add_net "Net-(C36-Pad1)")
    (add_net "Net-(C41-Pad1)")
    (add_net "Net-(C46-Pad2)")
    (add_net "Net-(C47-Pad2)")
    (add_net "Net-(C49-Pad1)")
    (add_net "Net-(C54-Pad1)")
    (add_net "Net-(C59-Pad2)")
    (add_net "Net-(C6-Pad2)")
    (add_net "Net-(C60-Pad2)")
    (add_net "Net-(C62-Pad1)")
    (add_net "Net-(C67-Pad1)")
    (add_net "Net-(C7-Pad2)")
    (add_net "Net-(C9-Pad1)")
    (add_net "Net-(D1-Pad2)")
    (add_net "Net-(D10-Pad2)")
    (add_net "Net-(D11-Pad2)")
    (add_net "Net-(D2-Pad2)")
    (add_net "Net-(D3-Pad2)")
    (add_net "Net-(D4-Pad2)")
    (add_net "Net-(D5-Pad2)")
    (add_net "Net-(D6-Pad2)")
    (add_net "Net-(D7-Pad2)")
    (add_net "Net-(D8-Pad2)")
    (add_net "Net-(D9-Pad2)")
    (add_net "Net-(F1-Pad1)")
    (add_net "Net-(J13-Pad1)")
    (add_net "Net-(J27-Pad1)")
    (add_net "Net-(J28-Pad1)")
    (add_net "Net-(J3-Pad1)")
    (add_net "Net-(R10-Pad1)")
    (add_net "Net-(R12-Pad2)")
    (add_net "Net-(R14-Pad2)")
    (add_net "Net-(R2-Pad2)")
    (add_net "Net-(R20-Pad2)")
    (add_net "Net-(R22-Pad2)")
    (add_net "Net-(R28-Pad2)")
    (add_net "Net-(R30-Pad2)")
    (add_net "Net-(R36-Pad2)")
    (add_net "Net-(R38-Pad2)")
    (add_net "Net-(R4-Pad2)")
    (add_net "Net-(R44-Pad1)")
    (add_net "Net-(R48-Pad1)")
    (add_net "Net-(R51-Pad1)")
    (add_net "Net-(R53-Pad1)")
    (add_net "Net-(R55-Pad1)")
    (add_net "Net-(R57-Pad1)")
    (add_net "Net-(U1-Pad13)")
    (add_net "Net-(U11-Pad10)")
    (add_net "Net-(U11-Pad11)")
    (add_net "Net-(U11-Pad12)")
    (add_net "Net-(U11-Pad13)")
    (add_net "Net-(U11-Pad14)")
    (add_net "Net-(U11-Pad15)")
    (add_net "Net-(U11-Pad18)")
    (add_net "Net-(U11-Pad24)")
    (add_net "Net-(U11-Pad25)")
    (add_net "Net-(U11-Pad26)")
    (add_net "Net-(U11-Pad27)")
    (add_net "Net-(U11-Pad29)")
    (add_net "Net-(U11-Pad31)")
    (add_net "Net-(U11-Pad33)")
    (add_net "Net-(U11-Pad48)")
    (add_net "Net-(U11-Pad5)")
    (add_net "Net-(U11-Pad56)")
    (add_net "Net-(U11-Pad69)")
    (add_net "Net-(U11-Pad7)")
    (add_net "Net-(U11-Pad73)")
    (add_net "Net-(U11-Pad74)")
    (add_net "Net-(U11-Pad75)")
    (add_net "Net-(U11-Pad76)")
    (add_net "Net-(U11-Pad9)")
    (add_net "Net-(U4-Pad20)")
    (add_net "Net-(U4-Pad34)")
    (add_net "Net-(U4-Pad37)")
    (add_net "Net-(U5-Pad20)")
    (add_net "Net-(U5-Pad34)")
    (add_net "Net-(U5-Pad37)")
    (add_net "Net-(U6-Pad20)")
    (add_net "Net-(U6-Pad34)")
    (add_net "Net-(U6-Pad37)")
    (add_net "Net-(U7-Pad20)")
    (add_net "Net-(U7-Pad34)")
    (add_net "Net-(U7-Pad37)")
    (add_net "Net-(U8-Pad20)")
    (add_net "Net-(U8-Pad34)")
    (add_net "Net-(U8-Pad37)")
  )

  (module Capacitor_SMD:C_1206_3216Metric (layer F.Cu) (tedit 59FE48B8) (tstamp 5AD3ACD3)
    (at 86.125 104.14)
    (descr "Capacitor SMD 1206 (3216 Metric), square (rectangular) end terminal, IPC_7351 nominal, (Body size source: http://www.tortai-tech.com/upload/download/2011102023233369053.pdf), generated with kicad-footprint-generator")
    (tags capacitor)
    (path /5AC337B6/5ACE1C6D/5ACC0B66/5ACA36B2)
    (attr smd)
    (fp_text reference C76 (at 0 -2.05) (layer F.SilkS)
      (effects (font (size 1 1) (thickness 0.15)))
    )
    (fp_text value "10uF 50V" (at 0 2.05) (layer F.Fab)
      (effects (font (size 1 1) (thickness 0.15)))
    )
    (fp_text user %R (at 0 0) (layer F.Fab)
      (effects (font (size 0.8 0.8) (thickness 0.12)))
    )
    (fp_line (start 2.29 1.15) (end -2.29 1.15) (layer F.CrtYd) (width 0.05))
    (fp_line (start 2.29 -1.15) (end 2.29 1.15) (layer F.CrtYd) (width 0.05))
    (fp_line (start -2.29 -1.15) (end 2.29 -1.15) (layer F.CrtYd) (width 0.05))
    (fp_line (start -2.29 1.15) (end -2.29 -1.15) (layer F.CrtYd) (width 0.05))
    (fp_line (start -0.65 0.91) (end 0.65 0.91) (layer F.SilkS) (width 0.12))
    (fp_line (start -0.65 -0.91) (end 0.65 -0.91) (layer F.SilkS) (width 0.12))
    (fp_line (start 1.6 0.8) (end -1.6 0.8) (layer F.Fab) (width 0.1))
    (fp_line (start 1.6 -0.8) (end 1.6 0.8) (layer F.Fab) (width 0.1))
    (fp_line (start -1.6 -0.8) (end 1.6 -0.8) (layer F.Fab) (width 0.1))
    (fp_line (start -1.6 0.8) (end -1.6 -0.8) (layer F.Fab) (width 0.1))
    (pad 2 smd rect (at 1.505 0) (size 1.07 1.8) (layers F.Cu F.Paste F.Mask)
      (net 1 GND))
    (pad 1 smd rect (at -1.505 0) (size 1.07 1.8) (layers F.Cu F.Paste F.Mask)
      (net 4 /V_MOTORS))
    (model ${KISYS3DMOD}/Capacitor_SMD.3dshapes/C_1206_3216Metric.wrl
      (at (xyz 0 0 0))
      (scale (xyz 1 1 1))
      (rotate (xyz 0 0 0))
    )
  )

  (module Capacitor_SMD:C_1206_3216Metric (layer F.Cu) (tedit 59FE48B8) (tstamp 5AD3ACB3)
    (at 89.775 31.75)
    (descr "Capacitor SMD 1206 (3216 Metric), square (rectangular) end terminal, IPC_7351 nominal, (Body size source: http://www.tortai-tech.com/upload/download/2011102023233369053.pdf), generated with kicad-footprint-generator")
    (tags capacitor)
    (path /5AC337B6/5ACC0AA2/5ACC0B66/5AC33B3C)
    (attr smd)
    (fp_text reference C18 (at 0 -2.05) (layer F.SilkS)
      (effects (font (size 1 1) (thickness 0.15)))
    )
    (fp_text value "10uF 50V" (at 0 2.05) (layer F.Fab)
      (effects (font (size 1 1) (thickness 0.15)))
    )
    (fp_line (start -1.6 0.8) (end -1.6 -0.8) (layer F.Fab) (width 0.1))
    (fp_line (start -1.6 -0.8) (end 1.6 -0.8) (layer F.Fab) (width 0.1))
    (fp_line (start 1.6 -0.8) (end 1.6 0.8) (layer F.Fab) (width 0.1))
    (fp_line (start 1.6 0.8) (end -1.6 0.8) (layer F.Fab) (width 0.1))
    (fp_line (start -0.65 -0.91) (end 0.65 -0.91) (layer F.SilkS) (width 0.12))
    (fp_line (start -0.65 0.91) (end 0.65 0.91) (layer F.SilkS) (width 0.12))
    (fp_line (start -2.29 1.15) (end -2.29 -1.15) (layer F.CrtYd) (width 0.05))
    (fp_line (start -2.29 -1.15) (end 2.29 -1.15) (layer F.CrtYd) (width 0.05))
    (fp_line (start 2.29 -1.15) (end 2.29 1.15) (layer F.CrtYd) (width 0.05))
    (fp_line (start 2.29 1.15) (end -2.29 1.15) (layer F.CrtYd) (width 0.05))
    (fp_text user %R (at 0 0) (layer F.Fab)
      (effects (font (size 0.8 0.8) (thickness 0.12)))
    )
    (pad 1 smd rect (at -1.505 0) (size 1.07 1.8) (layers F.Cu F.Paste F.Mask)
      (net 4 /V_MOTORS))
    (pad 2 smd rect (at 1.505 0) (size 1.07 1.8) (layers F.Cu F.Paste F.Mask)
      (net 1 GND))
    (model ${KISYS3DMOD}/Capacitor_SMD.3dshapes/C_1206_3216Metric.wrl
      (at (xyz 0 0 0))
      (scale (xyz 1 1 1))
      (rotate (xyz 0 0 0))
    )
  )

  (module Capacitor_SMD:C_1206_3216Metric (layer F.Cu) (tedit 59FE48B8) (tstamp 5AD3ACA3)
    (at 68.58 131.205 270)
    (descr "Capacitor SMD 1206 (3216 Metric), square (rectangular) end terminal, IPC_7351 nominal, (Body size source: http://www.tortai-tech.com/upload/download/2011102023233369053.pdf), generated with kicad-footprint-generator")
    (tags capacitor)
    (path /5AC337B6/5AD9F95A/5AD4B0F5/5AC33B3C)
    (attr smd)
    (fp_text reference C57 (at 0 -2.05 270) (layer F.SilkS)
      (effects (font (size 1 1) (thickness 0.15)))
    )
    (fp_text value "10uF 50V" (at 0 2.05 270) (layer F.Fab)
      (effects (font (size 1 1) (thickness 0.15)))
    )
    (fp_text user %R (at 0 0 270) (layer F.Fab)
      (effects (font (size 0.8 0.8) (thickness 0.12)))
    )
    (fp_line (start 2.29 1.15) (end -2.29 1.15) (layer F.CrtYd) (width 0.05))
    (fp_line (start 2.29 -1.15) (end 2.29 1.15) (layer F.CrtYd) (width 0.05))
    (fp_line (start -2.29 -1.15) (end 2.29 -1.15) (layer F.CrtYd) (width 0.05))
    (fp_line (start -2.29 1.15) (end -2.29 -1.15) (layer F.CrtYd) (width 0.05))
    (fp_line (start -0.65 0.91) (end 0.65 0.91) (layer F.SilkS) (width 0.12))
    (fp_line (start -0.65 -0.91) (end 0.65 -0.91) (layer F.SilkS) (width 0.12))
    (fp_line (start 1.6 0.8) (end -1.6 0.8) (layer F.Fab) (width 0.1))
    (fp_line (start 1.6 -0.8) (end 1.6 0.8) (layer F.Fab) (width 0.1))
    (fp_line (start -1.6 -0.8) (end 1.6 -0.8) (layer F.Fab) (width 0.1))
    (fp_line (start -1.6 0.8) (end -1.6 -0.8) (layer F.Fab) (width 0.1))
    (pad 2 smd rect (at 1.505 0 270) (size 1.07 1.8) (layers F.Cu F.Paste F.Mask)
      (net 1 GND))
    (pad 1 smd rect (at -1.505 0 270) (size 1.07 1.8) (layers F.Cu F.Paste F.Mask)
      (net 4 /V_MOTORS))
    (model ${KISYS3DMOD}/Capacitor_SMD.3dshapes/C_1206_3216Metric.wrl
      (at (xyz 0 0 0))
      (scale (xyz 1 1 1))
      (rotate (xyz 0 0 0))
    )
  )

  (module Capacitor_SMD:C_1206_3216Metric (layer F.Cu) (tedit 59FE48B8) (tstamp 5AD3AC93)
    (at 91.045 60.96)
    (descr "Capacitor SMD 1206 (3216 Metric), square (rectangular) end terminal, IPC_7351 nominal, (Body size source: http://www.tortai-tech.com/upload/download/2011102023233369053.pdf), generated with kicad-footprint-generator")
    (tags capacitor)
    (path /5AC337B6/5ACCA309/5ACC0B66/5AC33B3C)
    (attr smd)
    (fp_text reference C31 (at 0 -2.05) (layer F.SilkS)
      (effects (font (size 1 1) (thickness 0.15)))
    )
    (fp_text value "10uF 50V" (at 0 2.05) (layer F.Fab)
      (effects (font (size 1 1) (thickness 0.15)))
    )
    (fp_line (start -1.6 0.8) (end -1.6 -0.8) (layer F.Fab) (width 0.1))
    (fp_line (start -1.6 -0.8) (end 1.6 -0.8) (layer F.Fab) (width 0.1))
    (fp_line (start 1.6 -0.8) (end 1.6 0.8) (layer F.Fab) (width 0.1))
    (fp_line (start 1.6 0.8) (end -1.6 0.8) (layer F.Fab) (width 0.1))
    (fp_line (start -0.65 -0.91) (end 0.65 -0.91) (layer F.SilkS) (width 0.12))
    (fp_line (start -0.65 0.91) (end 0.65 0.91) (layer F.SilkS) (width 0.12))
    (fp_line (start -2.29 1.15) (end -2.29 -1.15) (layer F.CrtYd) (width 0.05))
    (fp_line (start -2.29 -1.15) (end 2.29 -1.15) (layer F.CrtYd) (width 0.05))
    (fp_line (start 2.29 -1.15) (end 2.29 1.15) (layer F.CrtYd) (width 0.05))
    (fp_line (start 2.29 1.15) (end -2.29 1.15) (layer F.CrtYd) (width 0.05))
    (fp_text user %R (at 0 0) (layer F.Fab)
      (effects (font (size 0.8 0.8) (thickness 0.12)))
    )
    (pad 1 smd rect (at -1.505 0) (size 1.07 1.8) (layers F.Cu F.Paste F.Mask)
      (net 4 /V_MOTORS))
    (pad 2 smd rect (at 1.505 0) (size 1.07 1.8) (layers F.Cu F.Paste F.Mask)
      (net 1 GND))
    (model ${KISYS3DMOD}/Capacitor_SMD.3dshapes/C_1206_3216Metric.wrl
      (at (xyz 0 0 0))
      (scale (xyz 1 1 1))
      (rotate (xyz 0 0 0))
    )
  )

  (module Capacitor_SMD:C_1206_3216Metric (layer F.Cu) (tedit 59FE48B8) (tstamp 5AD3AC92)
    (at 27.94 131.845 270)
    (descr "Capacitor SMD 1206 (3216 Metric), square (rectangular) end terminal, IPC_7351 nominal, (Body size source: http://www.tortai-tech.com/upload/download/2011102023233369053.pdf), generated with kicad-footprint-generator")
    (tags capacitor)
    (path /5AC337B6/5AD9F95A/5AD4B0F5/5ACA36B2)
    (attr smd)
    (fp_text reference C77 (at 0 -2.05 270) (layer F.SilkS)
      (effects (font (size 1 1) (thickness 0.15)))
    )
    (fp_text value "10uF 50V" (at 0 2.05 270) (layer F.Fab)
      (effects (font (size 1 1) (thickness 0.15)))
    )
    (fp_text user %R (at 0 0 270) (layer F.Fab)
      (effects (font (size 0.8 0.8) (thickness 0.12)))
    )
    (fp_line (start 2.29 1.15) (end -2.29 1.15) (layer F.CrtYd) (width 0.05))
    (fp_line (start 2.29 -1.15) (end 2.29 1.15) (layer F.CrtYd) (width 0.05))
    (fp_line (start -2.29 -1.15) (end 2.29 -1.15) (layer F.CrtYd) (width 0.05))
    (fp_line (start -2.29 1.15) (end -2.29 -1.15) (layer F.CrtYd) (width 0.05))
    (fp_line (start -0.65 0.91) (end 0.65 0.91) (layer F.SilkS) (width 0.12))
    (fp_line (start -0.65 -0.91) (end 0.65 -0.91) (layer F.SilkS) (width 0.12))
    (fp_line (start 1.6 0.8) (end -1.6 0.8) (layer F.Fab) (width 0.1))
    (fp_line (start 1.6 -0.8) (end 1.6 0.8) (layer F.Fab) (width 0.1))
    (fp_line (start -1.6 -0.8) (end 1.6 -0.8) (layer F.Fab) (width 0.1))
    (fp_line (start -1.6 0.8) (end -1.6 -0.8) (layer F.Fab) (width 0.1))
    (pad 2 smd rect (at 1.505 0 270) (size 1.07 1.8) (layers F.Cu F.Paste F.Mask)
      (net 1 GND))
    (pad 1 smd rect (at -1.505 0 270) (size 1.07 1.8) (layers F.Cu F.Paste F.Mask)
      (net 4 /V_MOTORS))
    (model ${KISYS3DMOD}/Capacitor_SMD.3dshapes/C_1206_3216Metric.wrl
      (at (xyz 0 0 0))
      (scale (xyz 1 1 1))
      (rotate (xyz 0 0 0))
    )
  )

  (module Capacitor_SMD:C_1206_3216Metric (layer F.Cu) (tedit 59FE48B8) (tstamp 5AD3AC81)
    (at 89.935 44.45)
    (descr "Capacitor SMD 1206 (3216 Metric), square (rectangular) end terminal, IPC_7351 nominal, (Body size source: http://www.tortai-tech.com/upload/download/2011102023233369053.pdf), generated with kicad-footprint-generator")
    (tags capacitor)
    (path /5AC337B6/5ACBE919/5AD4B0F5/5ACA36B2)
    (attr smd)
    (fp_text reference C73 (at 0 -2.05) (layer F.SilkS)
      (effects (font (size 1 1) (thickness 0.15)))
    )
    (fp_text value "10uF 50V" (at 0 2.05) (layer F.Fab)
      (effects (font (size 1 1) (thickness 0.15)))
    )
    (fp_line (start -1.6 0.8) (end -1.6 -0.8) (layer F.Fab) (width 0.1))
    (fp_line (start -1.6 -0.8) (end 1.6 -0.8) (layer F.Fab) (width 0.1))
    (fp_line (start 1.6 -0.8) (end 1.6 0.8) (layer F.Fab) (width 0.1))
    (fp_line (start 1.6 0.8) (end -1.6 0.8) (layer F.Fab) (width 0.1))
    (fp_line (start -0.65 -0.91) (end 0.65 -0.91) (layer F.SilkS) (width 0.12))
    (fp_line (start -0.65 0.91) (end 0.65 0.91) (layer F.SilkS) (width 0.12))
    (fp_line (start -2.29 1.15) (end -2.29 -1.15) (layer F.CrtYd) (width 0.05))
    (fp_line (start -2.29 -1.15) (end 2.29 -1.15) (layer F.CrtYd) (width 0.05))
    (fp_line (start 2.29 -1.15) (end 2.29 1.15) (layer F.CrtYd) (width 0.05))
    (fp_line (start 2.29 1.15) (end -2.29 1.15) (layer F.CrtYd) (width 0.05))
    (fp_text user %R (at 0 0) (layer F.Fab)
      (effects (font (size 0.8 0.8) (thickness 0.12)))
    )
    (pad 1 smd rect (at -1.505 0) (size 1.07 1.8) (layers F.Cu F.Paste F.Mask)
      (net 4 /V_MOTORS))
    (pad 2 smd rect (at 1.505 0) (size 1.07 1.8) (layers F.Cu F.Paste F.Mask)
      (net 1 GND))
    (model ${KISYS3DMOD}/Capacitor_SMD.3dshapes/C_1206_3216Metric.wrl
      (at (xyz 0 0 0))
      (scale (xyz 1 1 1))
      (rotate (xyz 0 0 0))
    )
  )

  (module Capacitor_SMD:C_1206_3216Metric (layer F.Cu) (tedit 59FE48B8) (tstamp 5AD3AC70)
    (at 55.88 131.045 270)
    (descr "Capacitor SMD 1206 (3216 Metric), square (rectangular) end terminal, IPC_7351 nominal, (Body size source: http://www.tortai-tech.com/upload/download/2011102023233369053.pdf), generated with kicad-footprint-generator")
    (tags capacitor)
    (path /5AC337B6/5ACCA309/5ACC0B66/5ACA36B2)
    (attr smd)
    (fp_text reference C75 (at 0 -2.05 270) (layer F.SilkS)
      (effects (font (size 1 1) (thickness 0.15)))
    )
    (fp_text value "10uF 50V" (at 0 2.05 270) (layer F.Fab)
      (effects (font (size 1 1) (thickness 0.15)))
    )
    (fp_text user %R (at 0 0 270) (layer F.Fab)
      (effects (font (size 0.8 0.8) (thickness 0.12)))
    )
    (fp_line (start 2.29 1.15) (end -2.29 1.15) (layer F.CrtYd) (width 0.05))
    (fp_line (start 2.29 -1.15) (end 2.29 1.15) (layer F.CrtYd) (width 0.05))
    (fp_line (start -2.29 -1.15) (end 2.29 -1.15) (layer F.CrtYd) (width 0.05))
    (fp_line (start -2.29 1.15) (end -2.29 -1.15) (layer F.CrtYd) (width 0.05))
    (fp_line (start -0.65 0.91) (end 0.65 0.91) (layer F.SilkS) (width 0.12))
    (fp_line (start -0.65 -0.91) (end 0.65 -0.91) (layer F.SilkS) (width 0.12))
    (fp_line (start 1.6 0.8) (end -1.6 0.8) (layer F.Fab) (width 0.1))
    (fp_line (start 1.6 -0.8) (end 1.6 0.8) (layer F.Fab) (width 0.1))
    (fp_line (start -1.6 -0.8) (end 1.6 -0.8) (layer F.Fab) (width 0.1))
    (fp_line (start -1.6 0.8) (end -1.6 -0.8) (layer F.Fab) (width 0.1))
    (pad 2 smd rect (at 1.505 0 270) (size 1.07 1.8) (layers F.Cu F.Paste F.Mask)
      (net 1 GND))
    (pad 1 smd rect (at -1.505 0 270) (size 1.07 1.8) (layers F.Cu F.Paste F.Mask)
      (net 4 /V_MOTORS))
    (model ${KISYS3DMOD}/Capacitor_SMD.3dshapes/C_1206_3216Metric.wrl
      (at (xyz 0 0 0))
      (scale (xyz 1 1 1))
      (rotate (xyz 0 0 0))
    )
  )

  (module Capacitor_SMD:C_1206_3216Metric (layer F.Cu) (tedit 59FE48B8) (tstamp 5AD3AC5F)
    (at 91.205 73.66)
    (descr "Capacitor SMD 1206 (3216 Metric), square (rectangular) end terminal, IPC_7351 nominal, (Body size source: http://www.tortai-tech.com/upload/download/2011102023233369053.pdf), generated with kicad-footprint-generator")
    (tags capacitor)
    (path /5AC337B6/5ACC0AA2/5ACC0B66/5ACA36B2)
    (attr smd)
    (fp_text reference C74 (at 0 -2.05) (layer F.SilkS)
      (effects (font (size 1 1) (thickness 0.15)))
    )
    (fp_text value "10uF 50V" (at 0 2.05) (layer F.Fab)
      (effects (font (size 1 1) (thickness 0.15)))
    )
    (fp_line (start -1.6 0.8) (end -1.6 -0.8) (layer F.Fab) (width 0.1))
    (fp_line (start -1.6 -0.8) (end 1.6 -0.8) (layer F.Fab) (width 0.1))
    (fp_line (start 1.6 -0.8) (end 1.6 0.8) (layer F.Fab) (width 0.1))
    (fp_line (start 1.6 0.8) (end -1.6 0.8) (layer F.Fab) (width 0.1))
    (fp_line (start -0.65 -0.91) (end 0.65 -0.91) (layer F.SilkS) (width 0.12))
    (fp_line (start -0.65 0.91) (end 0.65 0.91) (layer F.SilkS) (width 0.12))
    (fp_line (start -2.29 1.15) (end -2.29 -1.15) (layer F.CrtYd) (width 0.05))
    (fp_line (start -2.29 -1.15) (end 2.29 -1.15) (layer F.CrtYd) (width 0.05))
    (fp_line (start 2.29 -1.15) (end 2.29 1.15) (layer F.CrtYd) (width 0.05))
    (fp_line (start 2.29 1.15) (end -2.29 1.15) (layer F.CrtYd) (width 0.05))
    (fp_text user %R (at 0 0) (layer F.Fab)
      (effects (font (size 0.8 0.8) (thickness 0.12)))
    )
    (pad 1 smd rect (at -1.505 0) (size 1.07 1.8) (layers F.Cu F.Paste F.Mask)
      (net 4 /V_MOTORS))
    (pad 2 smd rect (at 1.505 0) (size 1.07 1.8) (layers F.Cu F.Paste F.Mask)
      (net 1 GND))
    (model ${KISYS3DMOD}/Capacitor_SMD.3dshapes/C_1206_3216Metric.wrl
      (at (xyz 0 0 0))
      (scale (xyz 1 1 1))
      (rotate (xyz 0 0 0))
    )
  )

  (module Capacitor_SMD:C_1206_3216Metric (layer F.Cu) (tedit 59FE48B8) (tstamp 5AD3AC3F)
    (at 40.64 131.205 270)
    (descr "Capacitor SMD 1206 (3216 Metric), square (rectangular) end terminal, IPC_7351 nominal, (Body size source: http://www.tortai-tech.com/upload/download/2011102023233369053.pdf), generated with kicad-footprint-generator")
    (tags capacitor)
    (path /5AC337B6/5ACBE919/5AD4B0F5/5AC33B3C)
    (attr smd)
    (fp_text reference C4 (at 0 -2.05 270) (layer F.SilkS)
      (effects (font (size 1 1) (thickness 0.15)))
    )
    (fp_text value "10uF 50V" (at 0 2.05 270) (layer F.Fab)
      (effects (font (size 1 1) (thickness 0.15)))
    )
    (fp_text user %R (at 0 0 270) (layer F.Fab)
      (effects (font (size 0.8 0.8) (thickness 0.12)))
    )
    (fp_line (start 2.29 1.15) (end -2.29 1.15) (layer F.CrtYd) (width 0.05))
    (fp_line (start 2.29 -1.15) (end 2.29 1.15) (layer F.CrtYd) (width 0.05))
    (fp_line (start -2.29 -1.15) (end 2.29 -1.15) (layer F.CrtYd) (width 0.05))
    (fp_line (start -2.29 1.15) (end -2.29 -1.15) (layer F.CrtYd) (width 0.05))
    (fp_line (start -0.65 0.91) (end 0.65 0.91) (layer F.SilkS) (width 0.12))
    (fp_line (start -0.65 -0.91) (end 0.65 -0.91) (layer F.SilkS) (width 0.12))
    (fp_line (start 1.6 0.8) (end -1.6 0.8) (layer F.Fab) (width 0.1))
    (fp_line (start 1.6 -0.8) (end 1.6 0.8) (layer F.Fab) (width 0.1))
    (fp_line (start -1.6 -0.8) (end 1.6 -0.8) (layer F.Fab) (width 0.1))
    (fp_line (start -1.6 0.8) (end -1.6 -0.8) (layer F.Fab) (width 0.1))
    (pad 2 smd rect (at 1.505 0 270) (size 1.07 1.8) (layers F.Cu F.Paste F.Mask)
      (net 1 GND))
    (pad 1 smd rect (at -1.505 0 270) (size 1.07 1.8) (layers F.Cu F.Paste F.Mask)
      (net 4 /V_MOTORS))
    (model ${KISYS3DMOD}/Capacitor_SMD.3dshapes/C_1206_3216Metric.wrl
      (at (xyz 0 0 0))
      (scale (xyz 1 1 1))
      (rotate (xyz 0 0 0))
    )
  )

  (module Capacitor_SMD:C_1206_3216Metric (layer F.Cu) (tedit 59FE48B8) (tstamp 5AD3AC2F)
    (at 86.36 91.44)
    (descr "Capacitor SMD 1206 (3216 Metric), square (rectangular) end terminal, IPC_7351 nominal, (Body size source: http://www.tortai-tech.com/upload/download/2011102023233369053.pdf), generated with kicad-footprint-generator")
    (tags capacitor)
    (path /5AC337B6/5ACE1C6D/5ACC0B66/5AC33B3C)
    (attr smd)
    (fp_text reference C44 (at 0 -2.05) (layer F.SilkS)
      (effects (font (size 1 1) (thickness 0.15)))
    )
    (fp_text value "10uF 50V" (at 0 2.05) (layer F.Fab)
      (effects (font (size 1 1) (thickness 0.15)))
    )
    (fp_line (start -1.6 0.8) (end -1.6 -0.8) (layer F.Fab) (width 0.1))
    (fp_line (start -1.6 -0.8) (end 1.6 -0.8) (layer F.Fab) (width 0.1))
    (fp_line (start 1.6 -0.8) (end 1.6 0.8) (layer F.Fab) (width 0.1))
    (fp_line (start 1.6 0.8) (end -1.6 0.8) (layer F.Fab) (width 0.1))
    (fp_line (start -0.65 -0.91) (end 0.65 -0.91) (layer F.SilkS) (width 0.12))
    (fp_line (start -0.65 0.91) (end 0.65 0.91) (layer F.SilkS) (width 0.12))
    (fp_line (start -2.29 1.15) (end -2.29 -1.15) (layer F.CrtYd) (width 0.05))
    (fp_line (start -2.29 -1.15) (end 2.29 -1.15) (layer F.CrtYd) (width 0.05))
    (fp_line (start 2.29 -1.15) (end 2.29 1.15) (layer F.CrtYd) (width 0.05))
    (fp_line (start 2.29 1.15) (end -2.29 1.15) (layer F.CrtYd) (width 0.05))
    (fp_text user %R (at 0 0) (layer F.Fab)
      (effects (font (size 0.8 0.8) (thickness 0.12)))
    )
    (pad 1 smd rect (at -1.505 0) (size 1.07 1.8) (layers F.Cu F.Paste F.Mask)
      (net 4 /V_MOTORS))
    (pad 2 smd rect (at 1.505 0) (size 1.07 1.8) (layers F.Cu F.Paste F.Mask)
      (net 1 GND))
    (model ${KISYS3DMOD}/Capacitor_SMD.3dshapes/C_1206_3216Metric.wrl
      (at (xyz 0 0 0))
      (scale (xyz 1 1 1))
      (rotate (xyz 0 0 0))
    )
  )

  (module Package_SO:TSSOP-14-1EP_4.4x5mm_P0.65mm (layer F.Cu) (tedit 5A02F25C) (tstamp 5AE2A308)
    (at 59.359285 79.9975)
    (descr "14-Lead Plastic Thin Shrink Small Outline (ST)-4.4 mm Body [TSSOP] with exposed pad (http://cds.linear.com/docs/en/datasheet/34301fa.pdf)")
    (tags "SSOP 0.65 exposed pad")
    (path /5AC337B6/5ABD1500)
    (attr smd)
    (fp_text reference U3 (at 0 -3.55) (layer F.SilkS)
      (effects (font (size 1 1) (thickness 0.15)))
    )
    (fp_text value 74LVC125 (at 0 3.55) (layer F.Fab)
      (effects (font (size 1 1) (thickness 0.15)))
    )
    (fp_line (start -1.2 -2.5) (end 2.2 -2.5) (layer F.Fab) (width 0.15))
    (fp_line (start 2.2 -2.5) (end 2.2 2.5) (layer F.Fab) (width 0.15))
    (fp_line (start 2.2 2.5) (end -2.2 2.5) (layer F.Fab) (width 0.15))
    (fp_line (start -2.2 2.5) (end -2.2 -1.5) (layer F.Fab) (width 0.15))
    (fp_line (start -2.2 -1.5) (end -1.2 -2.5) (layer F.Fab) (width 0.15))
    (fp_line (start -3.95 -2.8) (end -3.95 2.8) (layer F.CrtYd) (width 0.05))
    (fp_line (start 3.95 -2.8) (end 3.95 2.8) (layer F.CrtYd) (width 0.05))
    (fp_line (start -3.95 -2.8) (end 3.95 -2.8) (layer F.CrtYd) (width 0.05))
    (fp_line (start -3.95 2.8) (end 3.95 2.8) (layer F.CrtYd) (width 0.05))
    (fp_line (start -2.325 -2.625) (end -2.325 -2.5) (layer F.SilkS) (width 0.15))
    (fp_line (start 2.325 -2.625) (end 2.325 -2.4) (layer F.SilkS) (width 0.15))
    (fp_line (start 2.325 2.625) (end 2.325 2.4) (layer F.SilkS) (width 0.15))
    (fp_line (start -2.325 2.625) (end -2.325 2.4) (layer F.SilkS) (width 0.15))
    (fp_line (start -2.325 -2.625) (end 2.325 -2.625) (layer F.SilkS) (width 0.15))
    (fp_line (start -2.325 2.625) (end 2.325 2.625) (layer F.SilkS) (width 0.15))
    (fp_line (start -2.325 -2.5) (end -3.675 -2.5) (layer F.SilkS) (width 0.15))
    (fp_text user %R (at 0 0) (layer F.Fab)
      (effects (font (size 0.8 0.8) (thickness 0.15)))
    )
    (pad 15 smd rect (at -0.75 0.9) (size 1.5 1.8) (layers F.Cu F.Paste F.Mask)
      (solder_paste_margin -0.2))
    (pad 15 smd rect (at 0.75 0.9) (size 1.5 1.8) (layers F.Cu F.Paste F.Mask)
      (solder_paste_margin -0.2))
    (pad 15 smd rect (at 0.75 -0.9) (size 1.5 1.8) (layers F.Cu F.Paste F.Mask)
      (solder_paste_margin -0.2))
    (pad 1 smd rect (at -2.95 -1.95) (size 1.45 0.45) (layers F.Cu F.Paste F.Mask)
      (net 1 GND))
    (pad 2 smd rect (at -2.95 -1.3) (size 1.45 0.45) (layers F.Cu F.Paste F.Mask)
      (net 129 /~EN_MOTORS))
    (pad 3 smd rect (at -2.95 -0.65) (size 1.45 0.45) (layers F.Cu F.Paste F.Mask)
      (net 130 /MotorControl/E0/~ENABLE))
    (pad 4 smd rect (at -2.95 0) (size 1.45 0.45) (layers F.Cu F.Paste F.Mask)
      (net 1 GND))
    (pad 5 smd rect (at -2.95 0.65) (size 1.45 0.45) (layers F.Cu F.Paste F.Mask)
      (net 131 /MOSI))
    (pad 6 smd rect (at -2.95 1.3) (size 1.45 0.45) (layers F.Cu F.Paste F.Mask)
      (net 132 /MotorControl/E0/MOSI))
    (pad 7 smd rect (at -2.95 1.95) (size 1.45 0.45) (layers F.Cu F.Paste F.Mask)
      (net 1 GND))
    (pad 8 smd rect (at 2.95 1.95) (size 1.45 0.45) (layers F.Cu F.Paste F.Mask)
      (net 133 /MotorControl/E0/SCK))
    (pad 9 smd rect (at 2.95 1.3) (size 1.45 0.45) (layers F.Cu F.Paste F.Mask)
      (net 134 /SCK))
    (pad 10 smd rect (at 2.95 0.65) (size 1.45 0.45) (layers F.Cu F.Paste F.Mask)
      (net 1 GND))
    (pad 11 smd rect (at 2.95 0) (size 1.45 0.45) (layers F.Cu F.Paste F.Mask)
      (net 135 /MISO))
    (pad 12 smd rect (at 2.95 -0.65) (size 1.45 0.45) (layers F.Cu F.Paste F.Mask)
      (net 136 /MotorControl/E0/MISO))
    (pad 13 smd rect (at 2.95 -1.3) (size 1.45 0.45) (layers F.Cu F.Paste F.Mask)
      (net 1 GND))
    (pad 14 smd rect (at 2.95 -1.95) (size 1.45 0.45) (layers F.Cu F.Paste F.Mask)
      (net 2 /3.3V))
    (pad 15 smd rect (at -0.75 -0.9) (size 1.5 1.8) (layers F.Cu F.Paste F.Mask)
      (solder_paste_margin -0.2))
    (model ${KISYS3DMOD}/Package_SO.3dshapes/TSSOP-14-1EP_4.4x5mm_P0.65mm.wrl
      (at (xyz 0 0 0))
      (scale (xyz 1 1 1))
      (rotate (xyz 0 0 0))
    )
  )

  (module Connector_PinHeader_2.54mm:PinHeader_1x04_P2.54mm_Vertical (layer F.Cu) (tedit 59FED5CC) (tstamp 5AD2F53E)
    (at 66.04 137.16 270)
    (descr "Through hole straight pin header, 1x04, 2.54mm pitch, single row")
    (tags "Through hole pin header THT 1x04 2.54mm single row")
    (path /5AC337B6/5AD9F95A/5AD4C411/5AD04DCC)
    (fp_text reference J26 (at 0 -2.33 270) (layer F.SilkS)
      (effects (font (size 1 1) (thickness 0.15)))
    )
    (fp_text value Stepper (at 0 9.95 270) (layer F.Fab)
      (effects (font (size 1 1) (thickness 0.15)))
    )
    (fp_text user %R (at 0 3.81) (layer F.Fab)
      (effects (font (size 1 1) (thickness 0.15)))
    )
    (fp_line (start 1.8 -1.8) (end -1.8 -1.8) (layer F.CrtYd) (width 0.05))
    (fp_line (start 1.8 9.4) (end 1.8 -1.8) (layer F.CrtYd) (width 0.05))
    (fp_line (start -1.8 9.4) (end 1.8 9.4) (layer F.CrtYd) (width 0.05))
    (fp_line (start -1.8 -1.8) (end -1.8 9.4) (layer F.CrtYd) (width 0.05))
    (fp_line (start -1.33 -1.33) (end 0 -1.33) (layer F.SilkS) (width 0.12))
    (fp_line (start -1.33 0) (end -1.33 -1.33) (layer F.SilkS) (width 0.12))
    (fp_line (start -1.33 1.27) (end 1.33 1.27) (layer F.SilkS) (width 0.12))
    (fp_line (start 1.33 1.27) (end 1.33 8.95) (layer F.SilkS) (width 0.12))
    (fp_line (start -1.33 1.27) (end -1.33 8.95) (layer F.SilkS) (width 0.12))
    (fp_line (start -1.33 8.95) (end 1.33 8.95) (layer F.SilkS) (width 0.12))
    (fp_line (start -1.27 -0.635) (end -0.635 -1.27) (layer F.Fab) (width 0.1))
    (fp_line (start -1.27 8.89) (end -1.27 -0.635) (layer F.Fab) (width 0.1))
    (fp_line (start 1.27 8.89) (end -1.27 8.89) (layer F.Fab) (width 0.1))
    (fp_line (start 1.27 -1.27) (end 1.27 8.89) (layer F.Fab) (width 0.1))
    (fp_line (start -0.635 -1.27) (end 1.27 -1.27) (layer F.Fab) (width 0.1))
    (pad 4 thru_hole oval (at 0 7.62 270) (size 1.7 1.7) (drill 1) (layers *.Cu *.Mask)
      (net 50 /MotorControl/E1/Driver/MOT2A))
    (pad 3 thru_hole oval (at 0 5.08 270) (size 1.7 1.7) (drill 1) (layers *.Cu *.Mask)
      (net 51 /MotorControl/E1/Driver/MOT2B))
    (pad 2 thru_hole oval (at 0 2.54 270) (size 1.7 1.7) (drill 1) (layers *.Cu *.Mask)
      (net 49 /MotorControl/E1/Driver/MOT1A))
    (pad 1 thru_hole rect (at 0 0 270) (size 1.7 1.7) (drill 1) (layers *.Cu *.Mask)
      (net 48 /MotorControl/E1/Driver/MOT1B))
    (model ${KISYS3DMOD}/Connector_PinHeader_2.54mm.3dshapes/PinHeader_1x04_P2.54mm_Vertical.wrl
      (at (xyz 0 0 0))
      (scale (xyz 1 1 1))
      (rotate (xyz 0 0 0))
    )
  )

  (module Connector_PinHeader_2.54mm:PinHeader_1x04_P2.54mm_Vertical (layer F.Cu) (tedit 59FED5CC) (tstamp 5AD2F527)
    (at 95.25 63.5)
    (descr "Through hole straight pin header, 1x04, 2.54mm pitch, single row")
    (tags "Through hole pin header THT 1x04 2.54mm single row")
    (path /5AC337B6/5AD0CC96/5AD04DCC)
